0 6 7 9 11 17 18 22 34 35 42 47 48 56 57 61 65 69 71 72 73 75 94 98
1 3 4 12 21 26 40 41 45 49 52 57 64 75 80 84 91 92
2 3 9 12 19 20 24 33 38 43 46 51 53 56 57 60 66 70 75 82 98
3 1 2 4 8 18 20 30 32 36 40 41 42 46 47 50 54 55 63 64 70 71 72 78 82 91 93
4 1 3 8 10 11 13 21 25 32 38 41 43 57 60 66 67 68 71 72 75 77 78 89 90
5 20 22 31 40 50 55 59 65 67 70 79 85 86 92 95
6 0 9 13 16 21 24 25 30 40 42 46 48 63 71 79 85
7 0 8 9 13 18 20 25 27 30 35 44 48 51 65 72 80 84 85 87 89 93 98
8 3 4 7 9 10 15 20 21 28 46 54 58 69 72 82 87 90 92 95 99
9 0 2 6 7 8 14 25 31 42 48 51 54 56 61 62 74 80 81 82 85 86 94 95
10 4 8 12 20 22 27 30 32 45 49 50 55 62 63 74 75 77 82 84 91 92 96
11 0 4 14 19 20 22 25 26 28 34 35 40 44 46 49 51 58 60 65 70 74 80 92 96
12 1 2 10 14 16 24 27 29 37 44 46 53 55 60 63 64 65 66 67 69 74 79 80 87 88 98 99
13 4 6 7 14 15 20 25 26 28 36 37 40 43 56 71 72 74 76 77 80 81 89 91
14 9 11 12 13 27 38 65 72 78 80 82 89 90 95 96
15 8 13 18 19 42 43 46 50 53 57 59 88
16 6 12 29 32 33 37 43 53 55 56 58 59 78 79 82 84 85 96
17 0 22 29 37 38 41 54 56 58 65 70 72 87 92 93 97
18 0 3 7 15 20 22 26 27 29 35 47 50 51 56 63 64 70 74 80 90 94 96 98
19 2 11 15 29 38 39 43 51 54 63 66 67 77 78 81 88 96 97
20 2 3 5 7 8 10 11 13 18 23 27 32 64 67 76 81 83 85 90
21 1 4 6 8 22 24 26 34 36 41 42 65 70 72 87 92 94
22 0 5 10 11 17 18 21 32 35 43 50 51 59 60 64 71 72 74 76 83 85 87
23 20 34 35 36 38 57 67 69 79 85 86 92 94 99
24 2 6 12 21 27 29 36 37 39 40 41 43 54 59 67 68 74 78 87 95 98
25 4 6 7 9 11 13 31 35 48 53 61 64 66 70 75 76 80
26 1 11 13 18 21 33 35 43 45 49 50 52 62 65 80 87 91
27 7 10 12 14 18 20 24 32 39 49 52 55 61 62 66 72 78 83 93 95 96
28 8 11 13 32 33 34 49 56 64 66 70 72 75 76 78 80 84
29 12 16 17 18 19 24 38 48 52 58 65 66 68 79 85 90 94 98
30 3 6 7 10 64 69 70 74 81 91 92 93
31 5 9 25 32 37 38 39 41 52 53 60 63 64 66 72 80 87 89 92 99
32 3 4 10 16 20 22 27 28 31 33 37 39 57 61 65 72 76 83
33 2 16 26 28 32 34 38 40 48 49 60 69 70 95 99
34 0 11 21 23 28 33 36 39 40 46 64 65 66 75 76 79 81 93
35 0 7 11 18 22 23 25 26 37 61 63 69 72 75 77 84 85
36 3 13 21 23 24 34 39 40 46 53 55 59 71 89 94
37 12 13 16 17 24 31 32 35 54 55 65 69 72 74 77 78 80 93 97
38 2 4 14 17 19 23 29 31 33 43 45 54 58 74 78 79 89 91 92 96 98
39 19 24 27 31 32 34 36 41 49 50 54 56 67 71 72 82 83 88 89
40 1 3 5 6 11 13 24 33 34 36 41 42 48 54 55 78 82 84 87 91
41 1 3 4 17 21 24 31 39 40 42 43 48 49 50 60 63 75 99
42 0 3 6 9 15 21 40 41 49 55 62 69 73 87 91 97
43 2 4 13 15 16 19 22 24 26 38 41 46 47 55 56 57 66 67 68 74 76 89 93 98
44 7 11 12 52 54 59 60 62 66 67 70 73 81 88 92 95 96 97 99
45 1 10 26 38 48 57 62 77 84 95 96
46 2 3 6 8 11 12 15 34 36 43 54 60 67 71 72 75 79 91 93 94
47 0 3 18 43 50 57 64 66 75 79 82 89 90 94
48 0 6 7 9 25 29 33 40 41 45 57 62 63 65 70 78 81 85 87 88 89 94 96 97
49 1 10 11 26 27 28 33 39 41 42 50 69 72 73 77 79 90
50 3 5 10 15 18 22 26 39 41 47 49 55 71 74 78 87 96
51 2 7 9 11 18 19 22 54 74 76 81 88 93
52 1 26 27 29 31 44 56 66 76 77 82 85 88 92 93 99
53 2 12 15 16 25 31 36 59 61 63 64 66 68 69 83 90 94 95
54 3 8 9 17 19 24 37 38 39 40 44 46 51 60 62 70 75 80 81 96 97 98
55 3 5 10 12 16 27 36 37 40 42 43 50 57 58 67 71 77 79 81 83 88 92 93 95
56 0 2 9 13 16 17 18 28 39 43 52 60 62 63 65 72 73 81 85 90
57 0 1 2 4 15 23 32 43 45 47 48 55 60 61 63 65 71 79 83 85
58 8 11 16 17 29 38 55 60 65 67 68 69 80 84 85 86 95
59 5 15 16 22 24 36 44 53 66 71 74 95 96 98 99
60 2 4 11 12 22 31 33 41 44 46 54 56 57 58 69 78 80 82 92
61 0 9 25 27 32 35 53 57 62 69 73 77 79 80 84 85 97 98 99
62 9 10 26 27 42 44 45 48 54 56 61 63 65 71 80 82 83 88 96 97 99
63 3 6 10 12 18 19 31 35 41 48 53 56 57 62 66 69 70 71 75 77 83 85 86 95
64 1 3 12 18 20 22 25 28 30 31 34 47 53 68 72 79 80 83 87 96 98
65 0 5 7 11 12 14 17 21 26 29 32 34 37 48 56 57 58 62 66 69 71 80 83 84 85 86 94
66 2 4 12 19 25 27 28 29 31 34 43 44 47 52 53 59 63 65 67 72 78 80 82 83 85 86
67 4 5 12 19 20 23 24 39 43 44 46 55 58 66 69 72 76 88 95 97
68 4 24 29 43 53 58 64 72 73 75 78 79 90 92 98
69 0 8 12 23 30 33 35 37 42 49 53 58 60 61 63 65 67 75 78 81 82 83
70 2 3 5 11 17 18 21 25 28 30 33 44 48 54 63 80 84 89
71 0 3 4 6 13 22 36 39 46 50 55 57 59 62 63 65 79 93 97
72 0 3 4 7 8 13 14 17 21 22 27 28 31 32 35 37 39 46 49 56 64 66 67 68 76 77 80 81 82 87 90
73 0 42 44 49 56 61 68 86 93 96
74 9 10 11 12 13 18 22 24 30 37 38 43 50 51 59 83 88 96 98
75 0 1 2 4 10 25 28 34 35 41 46 47 54 63 68 69 95 98
76 13 20 22 25 28 32 34 43 51 52 67 72 83 86 87 88 95
77 4 10 13 19 35 37 45 49 52 55 61 63 72 91 95 96 98 99
78 3 4 14 16 19 24 27 28 37 38 40 48 50 60 66 68 69 79 83 99
79 5 6 12 16 23 29 34 38 46 47 49 55 57 61 64 68 71 78 87 93
80 1 7 9 11 12 13 14 18 25 26 28 31 37 54 58 60 61 62 64 65 66 70 72 81 88 96
81 9 13 19 20 30 34 44 48 51 54 55 56 69 72 80 82 84 85 86 87 89 91
82 2 3 8 9 10 14 16 39 40 47 52 60 62 66 69 72 81 90 91 96 97
83 20 22 27 32 39 53 55 57 62 63 64 65 66 69 74 76 78 87
84 1 7 10 16 28 35 40 45 58 61 65 70 81 89 93 97 98
85 5 6 7 9 16 20 22 23 29 35 48 52 56 57 58 61 63 65 66 81 89 98
86 5 9 23 58 63 65 66 73 76 81 91 92 96 98
87 7 8 12 17 21 22 24 26 31 40 42 48 50 64 72 76 79 81 83 95
88 12 15 19 39 44 48 51 52 55 62 67 74 76 80 91
89 4 7 13 14 31 36 38 39 43 47 48 70 81 84 85
90 4 8 14 18 20 29 47 49 53 56 68 72 82 92 96 98
91 1 3 10 13 26 30 38 40 42 46 77 81 82 86 88 92
92 1 5 8 10 11 17 21 23 30 31 38 44 52 55 60 68 86 90 91 94 95 97
93 3 7 17 27 30 34 37 43 46 51 52 55 71 73 79 84
94 0 9 18 21 23 29 36 46 47 48 53 65 92 95 99
95 5 8 9 14 24 27 33 44 45 53 55 58 59 63 67 75 76 77 87 92 94
96 10 11 14 16 18 19 27 38 44 45 48 50 54 59 62 64 73 74 77 80 82 86 90
97 17 19 37 42 44 48 54 61 62 67 71 82 84 92
98 0 2 7 12 18 24 29 38 43 54 59 61 64 68 74 75 77 84 85 86 90
99 8 12 23 31 33 41 44 52 59 61 62 77 78 94
